Archers ring,0,0,0,0,4,0,0,0,0,4,0,0,0,0
Beacon ring,0,0,0,2,0,0,0,0,1,0,0,0,0,0
Berserker ring,0,0,0,0,0,0,0,4,0,0,4,0,0,0
Diamond ring,0,0,0,0,0,0,0,0,0,0,0,0,0,0
Dragonstone ring,0,0,0,0,0,0,0,0,0,0,0,0,0,0
Gold ring,0,0,0,0,0,0,0,0,0,0,0,0,0,0
Lunar ring,0,0,0,2,0,0,0,0,2,0,0,0,0,0
Onyx ring,0,0,0,0,0,0,0,0,0,0,0,0,0,0
Ring of dueling,0,0,0,0,0,0,0,0,0,0,0,0,0,0
Ring of wealth,0,0,0,0,0,0,0,0,0,0,0,0,0,0
Ruby ring,0,0,0,0,0,0,0,0,0,0,0,0,0,0
Seers ring,0,0,0,6,0,0,0,0,6,0,0,0,0,0
Warrior ring,0,4,0,0,0,0,4,0,0,0,0,0,0,0
Emerald ring,0,0,0,0,0,0,0,0,0,0,0,0,0,0
Ring of visibility,0,0,0,0,0,0,0,0,0,0,0,0,0,0
Ring of recoil,0,0,0,0,0,0,0,0,0,0,0,0,0,0
Berserker ring (i),0,0,0,0,0,0,0,8,0,0,8,0,0,0
Warrior ring (i),0,8,0,0,0,0,8,0,0,0,0,0,0,0
Archers ring (i),0,0,0,0,8,0,0,0,0,8,0,0,0,0
Seers ring (i),0,0,0,12,0,0,0,0,12,0,0,0,0,0
Slayer ring,0,0,0,0,0,0,0,0,0,0,0,0,0,0
Tyrannical ring,0,0,4,0,0,0,0,4,0,0,0,0,0,0
Treasonous ring,4,0,0,0,0,4,0,0,0,0,0,0,0,0
Ring of the gods,0,0,0,0,0,1,1,1,1,1,0,0,0,4
Tyrannical ring (i),0,0,8,0,0,0,0,8,0,0,0,0,0,0
Treasonous ring (i),8,0,0,0,0,8,0,0,0,0,0,0,0,0
Ring of wealth (i),0,0,0,0,0,0,0,0,0,0,0,0,0,0
Explorer's ring 1,0,0,0,0,0,0,0,0,0,0,0,0,0,1
Explorer's ring 2,0,0,0,0,0,0,0,0,0,0,0,0,0,1
Explorer's ring 3,0,0,0,0,0,0,0,0,0,0,0,0,0,1
Explorer's ring 4,0,0,0,0,0,0,0,0,0,0,0,0,0,1
'perfect' ring,0,0,0,0,0,0,0,0,0,0,0,0,0,0
Ring of the gods (i),0,0,0,0,0,1,1,1,1,1,0,0,0,8
Ring of suffering,0,0,0,0,0,10,10,10,10,10,0,0,0,2
Ring of suffering (i),0,0,0,0,0,20,20,20,20,20,0,0,0,4
Opal ring,0,0,0,0,0,0,0,0,0,0,0,0,0,0
Jade ring,0,0,0,0,0,0,0,0,0,0,0,0,0,0
Topaz ring,0,0,0,0,0,0,0,0,0,0,0,0,0,0
Ring of pursuit,0,0,0,0,0,0,0,0,0,0,0,0,0,0
Ring of returning,0,0,0,0,0,0,0,0,0,0,0,0,0,0
Slayer ring (eternal),0,0,0,0,0,0,0,0,0,0,0,0,0,0
Granite ring,0,0,0,0,0,2,2,2,-2,8,0,0,0,0
Granite ring (i),0,0,0,0,0,4,4,4,-4,16,0,0,0,0
Ring of forging,0,0,0,0,0,0,0,0,0,0,0,0,0,0
Brimstone ring,4,4,4,6,4,4,4,4,6,4,4,0,0,0
Zenyte ring,0,0,0,0,0,0,0,0,0,0,0,0,0,0
Efaritay's aid,0,0,0,0,0,0,0,0,0,0,0,0,0,0
